145
145.1
145.2
145.3
145.4
145.5
149
149.1
149.2
149.3
149.4
149.5
149.9
150
151
153
153.2
153.3
155
155.1
157
158
159
159.2
159.3
159.4
164
165
165.1
170
170.1
170.2
172.1
172.11
174
174.1
174.11
174.2
174.3
175
180
180.1
182
184
184.1
184.11
184.2
185
187
187.1
187.2
187.8
189
189.1
189.11
189.12
189.2
189.21
189.4
190
191
191.1
191.11
193
194
195
195.1
195.3
196
197
198
198.1
198.2
198.3
198.4
198.5
198.6
198.7
199
199.4
200
200.1
201
202
202.2
202.21
202.22
202.23
202.24
204
204.1
204.11
204.12
204.2
204.21
204.22
204.3
204.4
209
860
